49
7197
9295
9092
7032
3580
7704
3506
7220
2170
5410
8236
2024
7154
1581
2400
3866
6027
8490
9720
2457
2800
1165
4184
9501
1732
7274
8901
6937
7900
1451
1236
9866
212
4562
7265
9782
896
6196
7951
7048
4911
4755
2462
2597
5593
1003
6450
4066
9242
8619
4128
7893
5725
1337
5281
1514
4875
2391
9344
5489
3602
2716
3322
3099
7975
1217
3883
3831
8402
1379
2222
5537
9551
9825
4168
6758
5785
5440
7405
5544
1570
5849
2855
3023
7152
9292
9795
2979
5489
9765
1766
9072
822
185
3925
4341
4888
3650
3966
1704
3338
6957
8936
4106
1106
6533
3811
2411
1612
1442
9345
8107
6834
8574
2762
8233
7481
5394
4832
4143
2718
161
4845
5382
5758
7909
5225
2469
2519
5952
668
9965
3122
7180
775
141
5618
7718
5525
8723
8820
1646
5326
4154
973
6580
7152
1805
5609
544
1416
9528
3959
5722
9253
1687
9250
8796
2238
2321
7315
6367
4672
5841
4272
2378
3247
6986
7381
3147
8201
1070
6110
916
5090
3734
7090
9344
3005
7136
3985
3418
5085
6849
5947
3836
3791
3150
2318
6295
8348
3012
2895
2843
3109
8904
6253
5112
238
5040
1714
5056
1635
1630
4049
8515
5669
9487
7629
507
7600
5521
781
7090
6985
871
8126
8819
4789
1741
5074
1627
4235
4081
2211
249
6782
6623
7632
2342
150
662
502
1527
3151
6018
613
8705
4155
8933
6055
8944
810
5058
3265
1318
3861
2318
3738
3601
2254
5633
3358
4866
8946
7654
9242
387
8485
8813
9923
3253
2528
8944
8339
1421
979
1114
8417
6292
6014
2182
1316
6608
8345
4509
8889
260
5289
654
7045
6352
8179
9810
9333
3860
4364
740
3449
1984
226
7639
3739
8659
6980
6491
3620
2219
2564
2771
4716
2165
9541
5305
1699
9004
8512
4984
9739
5843
907
2389
567
2171
1006
7144
5345
9768
2429
5706
3629
696
3230
3160
2644
1604
8717
1407
1298
5552
112
3653
9715
524
5866
7570
5426
4709
7146
5488
2545
7768
8724
1684
614
7540
8389
87
1146
1524
3456
2572
8519
9106
2400
551
6527
3985
3007
2220
6272
1070
6730
1543
7174
6115
1720
5292
2835
7540
6525
4600
4211
7360
6813
2518
7295
1415
1662
4523
8357
2454
7820
5635
8965
9497
4622
7339
3772
1014
3494
2821
8317
9802
7516
9343
2119
1455
8348
3520
6967
8245
5377
8793
742
945
6075
2065
6201
9676
9684
3146
8781
2575
8728
7925
8524
8307
6004
6173
9087
130
3880
1979
4381
6939
6784
5079
357
683
3690
6038
7434
8954
7185
9661
8322
5389
5786
4547
3944
2363
2224
9309
8859
9070
7760
3981
4547
1675
9095
4820
4591
3172
702
5510
744
7368
5291
4664
3418
172
197
2594
9329
7040
6340
1146
7776
9189
2511
4604
3705
6439
1031
5949
9670
5811
1014
7074
8181
9892
5666
8938
2583
9748
3324
7969
1941
5675
3014
3593
245
2377
5924
9985
4312
1262
6445
5082
107
5839
1188
3930
4145
4114
1535
3888
9702
3837
8502
9212
8826
183
3928
997
9999
7239
9485
5413
6304
603
9146
2480
3330
8607
1759
8200
9521
75
5867
5652
8184
9374
4044
179
4951
3436
9463
9072
2083
6417
4759
1137
1365
2238
4085
6893
2876
1880
6988
7093
7646
594
9325
2602
6435
2405
4192
1506
8666
8863
6644
9389
6750
2689
7224
2510
2375
4925
3138
7026
4578
2904
5458
639
5558
9905
5555
2108
198
4906
6462
9308
3574
8245
1180
9271
9645
621
9772
131
3706
9941
7261
3490
6264
3673
8616
8820
5380
1573
1177
6706
5135
3192
3566
389
5564
1191
8660
11
1131
9179
1370
4324
5491
3084
3238
4007
455
1736
3424
3042
4854
9776
963
7498
6284
9075
7257
5741
9496
2211
3106
1108
3567
491
7651
1187
423
6568
1254
3549
5625
9791
776
3136
282
7106
1560
7903
6538
3686
130
9022
6119
4536
1896
537
3779
642
2240
1409
1277
914
3208
9427
9869
1321
9112
8717
1882
671
2091
3565
7666
688
9347
1022
1398
3693
8653
4407
4669
6035
4933
1737
2533
2858
8967
5164
3125
1748
8263
5466
8299
5913
2212
4901
5905
9974
4950
2939
5487
2285
4687
8788
2024
6356
6270
6447
543
5924
699
2084
1800
6118
4023
4668
2923
1995
7530
3514
568
767
85
748
3623
5138
7291
1426
945
9601
4999
8086
7806
5441
6232
4759
9188
4599
7417
4929
7674
6579
3093
163
2292
4584
878
35
8828
1668
9382
72
5304
9386
834
4367
6874
3446
2069
8018
8898
8348
9151
1590
3662
5552
5904
450
8749
990
7634
5178
6545
7052
5993
7449
5147
2622
7346
3247
1126
5756
5539
9984
5626
2607
933
2172
8702
9850
4923
6048
3859
3219
5674
5155
1670
4962
9327
1640
3246
4413
8457
180
1931
6748
460
7873
1233
278
5341
9534
3400
5064
9004
7977
7237
3199
1946
4287
5240
295
680
2001
1785
8987
122
6452
1472
5712
1341
7542
7086
2611
5940
6111
9632
6459
2312
481
1599
9826
6834
1779
1348
2870
6454
6668
6020
8333
9955
1259
1956
5960
7839
257
3272
972
1968
7428
3733
6770
460
1408
2088
1097
1736
8972
6474
3903
1044
6669
1933
2398
7711
5451
603
6606
6555
1025
6955
1864
2190
3453
7030
1103
9659
2002
1871
6114
2430
3222
142
1262
5502
2691
9162
382
3104
7954
7534
3726
8137
8499
5331
9663
5608
6444
6138
5089
1649
3903
746
9275
3165
1656
2439
3530
304
9085
226
817
1100
6023
7869
2011
644
4882
7719
5376
7360
8211
1685
274
8750
7608
9530
3839
9301
4928
5637
2380
1604
512
1647
9361
5771
933
3951
4125
4236
8476
8392
5877
402
3982
653
1542
7594
2135
3490
8762
199
4717
1595
7591
26
757
9675
451
7632
4264
6119
9465
1654
1178
9638
3148
5730
5083
8362
9010
1283
2267
3836
1552
1131
1214
6025
6532
8964
952
9617
8220
7369
